연도,시도,구분,심한장애(남),심한장애(여),심한장애(계),심하지 않은 장애(남),심하지 않은 장애(여),심하지 않은 장애(계),합계(남),합계(여),합계(계)
연도,시도,구분,416295 ,283103 ,699398 ,657149 ,495782 ,1152930 ,1073443 ,778885 ,1852328 
2019 ,소계,지체,158257 ,82524 ,240781 ,549989 ,432365 ,982354 ,708246 ,514889 ,1223135 
2019 ,서울특별시,지체,21750 ,12109 ,33859 ,77860 ,65048 ,142908 ,99610 ,77157 ,176767 
2019 ,부산광역시,지체,11060 ,5290 ,16350 ,36416 ,27094 ,63510 ,47476 ,32384 ,79860 
2019 ,대구광역시,지체,6801 ,3507 ,10308 ,24892 ,17482 ,42374 ,31693 ,20989 ,52682 
2019 ,인천광역시,지체,9514 ,4415 ,13929 ,33278 ,22171 ,55449 ,42792 ,26586 ,69378 
2019 ,광주광역시,지체,3740 ,2149 ,5889 ,13339 ,11303 ,24642 ,17079 ,13452 ,30531 
2019 ,대전광역시,지체,4381 ,2135 ,6516 ,15301 ,11376 ,26677 ,19682 ,13511 ,33193 
2019 ,울산광역시,지체,2937 ,1451 ,4388 ,11875 ,7525 ,19400 ,14812 ,8976 ,23788 
2019 ,세종특별자치시,지체,768 ,400 ,1168 ,2717 ,1883 ,4600 ,3485 ,2283 ,5768 
2019 ,제주특별자치도,지체,1900 ,1144 ,3044 ,6167 ,5332 ,11499 ,8067 ,6476 ,14543 
2019 ,소계,시각,24643 ,23977 ,48620 ,125618 ,78817 ,204435 ,150261 ,102794 ,253055 
2019 ,서울특별시,시각,4961 ,4176 ,9137 ,20238 ,12457 ,32695 ,25199 ,16633 ,41832 
2019 ,부산광역시,시각,1742 ,1686 ,3428 ,9006 ,5623 ,14629 ,10748 ,7309 ,18057 
2019 ,대구광역시,시각,1149 ,1084 ,2233 ,6014 ,3788 ,9802 ,7163 ,4872 ,12035 
2019 ,인천광역시,시각,1359 ,1254 ,2613 ,6927 ,4214 ,11141 ,8286 ,5468 ,13754 
2019 ,광주광역시,시각,738 ,671 ,1409 ,3573 ,2356 ,5929 ,4311 ,3027 ,7338 
2019 ,대전광역시,시각,733 ,641 ,1374 ,3462 ,2199 ,5661 ,4195 ,2840 ,7035 
2019 ,울산광역시,시각,446 ,492 ,938 ,2440 ,1525 ,3965 ,2886 ,2017 ,4903 
2019 ,세종특별자치시,시각,90 ,83 ,173 ,645 ,364 ,1009 ,735 ,447 ,1182 
2019 ,제주특별자치도,시각,387 ,475 ,862 ,1966 ,1365 ,3331 ,2353 ,1840 ,4193 
2019 ,소계,청각,50462 ,44273 ,94735 ,148612 ,133747 ,282359 ,199074 ,178020 ,377094 
2019 ,서울특별시,청각,7361 ,6262 ,13623 ,22930 ,18387 ,41317 ,30291 ,24649 ,54940 
2019 ,부산광역시,청각,3020 ,2467 ,5487 ,9503 ,7754 ,17257 ,12523 ,10221 ,22744 
2019 ,대구광역시,청각,2350 ,2143 ,4493 ,9012 ,8864 ,17876 ,11362 ,11007 ,22369 
2019 ,인천광역시,청각,2810 ,2462 ,5272 ,8735 ,7429 ,16164 ,11545 ,9891 ,21436 
2019 ,광주광역시,청각,1417 ,1321 ,2738 ,3903 ,3495 ,7398 ,5320 ,4816 ,10136 
2019 ,대전광역시,청각,1187 ,1098 ,2285 ,4146 ,3646 ,7792 ,5333 ,4744 ,10077 
2019 ,울산광역시,청각,1291 ,837 ,2128 ,3113 ,2370 ,5483 ,4404 ,3207 ,7611 
2019 ,세종특별자치시,청각,218 ,211 ,429 ,623 ,578 ,1201 ,841 ,789 ,1630 
2019 ,제주특별자치도,청각,693 ,760 ,1453 ,2189 ,2590 ,4779 ,2882 ,3350 ,6232 
2019 ,소계,언어,7851 ,3098 ,10949 ,7512 ,3024 ,10536 ,15363 ,6122 ,21485 
2019 ,서울특별시,언어,1216 ,448 ,1664 ,1183 ,480 ,1663 ,2399 ,928 ,3327 
2019 ,부산광역시,언어,549 ,215 ,764 ,504 ,200 ,704 ,1053 ,415 ,1468 
2019 ,대구광역시,언어,407 ,146 ,553 ,358 ,146 ,504 ,765 ,292 ,1057 
2019 ,인천광역시,언어,501 ,182 ,683 ,535 ,196 ,731 ,1036 ,378 ,1414 
2019 ,광주광역시,언어,216 ,83 ,299 ,202 ,64 ,266 ,418 ,147 ,565 
2019 ,대전광역시,언어,222 ,101 ,323 ,173 ,72 ,245 ,395 ,173 ,568 
2019 ,울산광역시,언어,146 ,64 ,210 ,137 ,69 ,206 ,283 ,133 ,416 
2019 ,세종특별자치시,언어,29 ,8 ,37 ,45 ,11 ,56 ,74 ,19 ,93 
2019 ,제주특별자치도,언어,144 ,53 ,197 ,140 ,60 ,200 ,284 ,113 ,397 
2019 ,소계,지적,128332 ,84604 ,212936 ,0 ,0 ,0 ,128332 ,84604 ,212936 
2019 ,서울특별시,지적,16420 ,10358 ,26778 ,0 ,0 ,0 ,16420 ,10358 ,26778 
2019 ,부산광역시,지적,7209 ,4644 ,11853 ,0 ,0 ,0 ,7209 ,4644 ,11853 
2019 ,대구광역시,지적,6119 ,4008 ,10127 ,0 ,0 ,0 ,6119 ,4008 ,10127 
2019 ,인천광역시,지적,6385 ,4136 ,10521 ,0 ,0 ,0 ,6385 ,4136 ,10521 
2019 ,광주광역시,지적,4039 ,2892 ,6931 ,0 ,0 ,0 ,4039 ,2892 ,6931 
2019 ,대전광역시,지적,3846 ,2685 ,6531 ,0 ,0 ,0 ,3846 ,2685 ,6531 
2019 ,울산광역시,지적,2602 ,1695 ,4297 ,0 ,0 ,0 ,2602 ,1695 ,4297 
2019 ,세종특별자치시,지적,668 ,394 ,1062 ,0 ,0 ,0 ,668 ,394 ,1062 
2019 ,제주특별자치도,지적,1891 ,1420 ,3311 ,0 ,0 ,0 ,1891 ,1420 ,3311 
2019 ,소계,뇌병변,84042 ,71250 ,155292 ,60575 ,36321 ,96896 ,144617 ,107571 ,252188 
2019 ,서울특별시,뇌병변,14261 ,11224 ,25485 ,10270 ,5549 ,15819 ,24531 ,16773 ,41304 
2019 ,부산광역시,뇌병변,6826 ,5357 ,12183 ,4843 ,2888 ,7731 ,11669 ,8245 ,19914 
2019 ,대구광역시,뇌병변,4274 ,3506 ,7780 ,3300 ,1835 ,5135 ,7574 ,5341 ,12915 
2019 ,인천광역시,뇌병변,4486 ,3704 ,8190 ,3176 ,1879 ,5055 ,7662 ,5583 ,13245 
2019 ,광주광역시,뇌병변,2264 ,1999 ,4263 ,1636 ,1033 ,2669 ,3900 ,3032 ,6932 
2019 ,대전광역시,뇌병변,2462 ,2238 ,4700 ,1677 ,1061 ,2738 ,4139 ,3299 ,7438 
2019 ,울산광역시,뇌병변,1686 ,1414 ,3100 ,1068 ,706 ,1774 ,2754 ,2120 ,4874 
2019 ,세종특별자치시,뇌병변,366 ,318 ,684 ,242 ,141 ,383 ,608 ,459 ,1067 
2019 ,제주특별자치도,뇌병변,1119 ,993 ,2112 ,833 ,580 ,1413 ,1952 ,1573 ,3525 
2019 ,소계,자폐성,24234 ,4444 ,28678 ,0 ,0 ,0 ,24234 ,4444 ,28678 
2019 ,서울특별시,자폐성,5174 ,926 ,6100 ,0 ,0 ,0 ,5174 ,926 ,6100 
2019 ,부산광역시,자폐성,1615 ,311 ,1926 ,0 ,0 ,0 ,1615 ,311 ,1926 
2019 ,대구광역시,자폐성,999 ,189 ,1188 ,0 ,0 ,0 ,999 ,189 ,1188 
2019 ,인천광역시,자폐성,1264 ,249 ,1513 ,0 ,0 ,0 ,1264 ,249 ,1513 
2019 ,광주광역시,자폐성,665 ,151 ,816 ,0 ,0 ,0 ,665 ,151 ,816 
2019 ,대전광역시,자폐성,863 ,165 ,1028 ,0 ,0 ,0 ,863 ,165 ,1028 
2019 ,울산광역시,자폐성,525 ,99 ,624 ,0 ,0 ,0 ,525 ,99 ,624 
2019 ,세종특별자치시,자폐성,141 ,29 ,170 ,0 ,0 ,0 ,141 ,29 ,170 
2019 ,제주특별자치도,자폐성,483 ,77 ,560 ,0 ,0 ,0 ,483 ,77 ,560 
2019 ,소계,정신,52658 ,50322 ,102980 ,0 ,0 ,0 ,52658 ,50322 ,102980 
2019 ,서울특별시,정신,8443 ,7992 ,16435 ,0 ,0 ,0 ,8443 ,7992 ,16435 
2019 ,부산광역시,정신,4251 ,3950 ,8201 ,0 ,0 ,0 ,4251 ,3950 ,8201 
2019 ,대구광역시,정신,3121 ,2944 ,6065 ,0 ,0 ,0 ,3121 ,2944 ,6065 
2019 ,인천광역시,정신,2297 ,2516 ,4813 ,0 ,0 ,0 ,2297 ,2516 ,4813 
2019 ,광주광역시,정신,1492 ,1599 ,3091 ,0 ,0 ,0 ,1492 ,1599 ,3091 
2019 ,대전광역시,정신,1596 ,1583 ,3179 ,0 ,0 ,0 ,1596 ,1583 ,3179 
2019 ,울산광역시,정신,692 ,725 ,1417 ,0 ,0 ,0 ,692 ,725 ,1417 
2019 ,세종특별자치시,정신,230 ,210 ,440 ,0 ,0 ,0 ,230 ,210 ,440 
2019 ,제주특별자치도,정신,659 ,633 ,1292 ,0 ,0 ,0 ,659 ,633 ,1292 
2019 ,소계,신장,40864 ,28513 ,69377 ,13479 ,9552 ,23031 ,54343 ,38065 ,92408 
2019 ,서울특별시,신장,7698 ,5221 ,12919 ,2377 ,1870 ,4247 ,10075 ,7091 ,17166 
2019 ,부산광역시,신장,3189 ,2171 ,5360 ,1062 ,842 ,1904 ,4251 ,3013 ,7264 
2019 ,대구광역시,신장,2011 ,1364 ,3375 ,724 ,526 ,1250 ,2735 ,1890 ,4625 
2019 ,인천광역시,신장,2495 ,1829 ,4324 ,721 ,529 ,1250 ,3216 ,2358 ,5574 
2019 ,광주광역시,신장,1019 ,715 ,1734 ,368 ,240 ,608 ,1387 ,955 ,2342 
2019 ,대전광역시,신장,1191 ,840 ,2031 ,412 ,248 ,660 ,1603 ,1088 ,2691 
2019 ,울산광역시,신장,722 ,585 ,1307 ,351 ,265 ,616 ,1073 ,850 ,1923 
2019 ,세종특별자치시,신장,164 ,108 ,272 ,79 ,43 ,122 ,243 ,151 ,394 
2019 ,제주특별자치도,신장,657 ,395 ,1052 ,198 ,140 ,338 ,855 ,535 ,1390 
2019 ,소계,심장,2675 ,1589 ,4264 ,693 ,309 ,1002 ,3368 ,1898 ,5266 
2019 ,서울특별시,심장,545 ,306 ,851 ,147 ,70 ,217 ,692 ,376 ,1068 
2019 ,부산광역시,심장,281 ,139 ,420 ,30 ,19 ,49 ,311 ,158 ,469 
2019 ,대구광역시,심장,105 ,77 ,182 ,45 ,13 ,58 ,150 ,90 ,240 
2019 ,인천광역시,심장,124 ,73 ,197 ,31 ,15 ,46 ,155 ,88 ,243 
2019 ,광주광역시,심장,79 ,29 ,108 ,19 ,11 ,30 ,98 ,40 ,138 
2019 ,대전광역시,심장,63 ,41 ,104 ,17 ,4 ,21 ,80 ,45 ,125 
2019 ,울산광역시,심장,90 ,64 ,154 ,11 ,7 ,18 ,101 ,71 ,172 
2019 ,세종특별자치시,심장,10 ,4 ,14 ,4 ,2 ,6 ,14 ,6 ,20 
2019 ,경기도,심장,660 ,385 ,1045 ,173 ,85 ,258 ,833 ,470 ,1303 
2019 ,강원도,심장,68 ,37 ,105 ,17 ,9 ,26 ,85 ,46 ,131 
2019 ,충청북도,심장,69 ,41 ,110 ,21 ,9 ,30 ,90 ,50 ,140 
2019 ,충청남도,심장,90 ,80 ,170 ,32 ,12 ,44 ,122 ,92 ,214 
2019 ,전라북도,심장,84 ,44 ,128 ,19 ,11 ,30 ,103 ,55 ,158 
2019 ,전라남도,심장,96 ,59 ,155 ,20 ,10 ,30 ,116 ,69 ,185 
2019 ,경상북도,심장,153 ,98 ,251 ,51 ,15 ,66 ,204 ,113 ,317 
2019 ,경상남도,심장,118 ,90 ,208 ,40 ,15 ,55 ,158 ,105 ,263 
2019 ,제주특별자치도,심장,40 ,22 ,62 ,16 ,2 ,18 ,56 ,24 ,80 
2019 ,소계,호흡기,8381 ,2881 ,11262 ,161 ,99 ,260 ,8542 ,2980 ,11522 
2019 ,서울특별시,호흡기,1529 ,542 ,2071 ,35 ,21 ,56 ,1564 ,563 ,2127 
2019 ,부산광역시,호흡기,717 ,250 ,967 ,17 ,9 ,26 ,734 ,259 ,993 
2019 ,대구광역시,호흡기,321 ,90 ,411 ,9 ,1 ,10 ,330 ,91 ,421 
2019 ,인천광역시,호흡기,451 ,180 ,631 ,8 ,4 ,12 ,459 ,184 ,643 
2019 ,광주광역시,호흡기,203 ,83 ,286 ,3 ,0 ,3 ,206 ,83 ,289 
2019 ,대전광역시,호흡기,213 ,77 ,290 ,4 ,6 ,10 ,217 ,83 ,300 
2019 ,울산광역시,호흡기,184 ,66 ,250 ,5 ,3 ,8 ,189 ,69 ,258 
2019 ,세종특별자치시,호흡기,33 ,14 ,47 ,0 ,1 ,1 ,33 ,15 ,48 
2019 ,제주특별자치도,호흡기,176 ,61 ,237 ,3 ,2 ,5 ,179 ,63 ,242 
2019 ,소계,간,630 ,233 ,863 ,8679 ,3612 ,12291 ,9309 ,3845 ,13154 
2019 ,서울특별시,간,137 ,43 ,180 ,1603 ,732 ,2335 ,1740 ,775 ,2515 
2019 ,부산광역시,간,59 ,18 ,77 ,503 ,208 ,711 ,562 ,226 ,788 
2019 ,대구광역시,간,25 ,12 ,37 ,427 ,185 ,612 ,452 ,197 ,649 
2019 ,인천광역시,간,40 ,12 ,52 ,399 ,198 ,597 ,439 ,210 ,649 
2019 ,광주광역시,간,18 ,2 ,20 ,240 ,103 ,343 ,258 ,105 ,363 
2019 ,대전광역시,간,23 ,3 ,26 ,203 ,98 ,301 ,226 ,101 ,327 
2019 ,울산광역시,간,10 ,3 ,13 ,232 ,94 ,326 ,242 ,97 ,339 
2019 ,세종특별자치시,간,0 ,3 ,3 ,38 ,19 ,57 ,38 ,22 ,60 
2019 ,제주특별자치도,간,11 ,8 ,19 ,121 ,39 ,160 ,132 ,47 ,179 
2019 ,소계,안면,820 ,595 ,1415 ,739 ,519 ,1258 ,1559 ,1114 ,2673 
2019 ,서울특별시,안면,92 ,94 ,186 ,120 ,79 ,199 ,212 ,173 ,385 
2019 ,부산광역시,안면,74 ,41 ,115 ,66 ,52 ,118 ,140 ,93 ,233 
2019 ,대구광역시,안면,45 ,29 ,74 ,34 ,29 ,63 ,79 ,58 ,137 
2019 ,인천광역시,안면,42 ,31 ,73 ,37 ,32 ,69 ,79 ,63 ,142 
2019 ,광주광역시,안면,23 ,14 ,37 ,15 ,13 ,28 ,38 ,27 ,65 
2019 ,대전광역시,안면,36 ,13 ,49 ,17 ,9 ,26 ,53 ,22 ,75 
2019 ,울산광역시,안면,27 ,10 ,37 ,20 ,13 ,33 ,47 ,23 ,70 
2019 ,세종특별자치시,안면,5 ,3 ,8 ,3 ,2 ,5 ,8 ,5 ,13 
2019 ,제주특별자치도,안면,8 ,4 ,12 ,10 ,4 ,14 ,18 ,8 ,26 
2019 ,소계,장루.요루,891 ,550 ,1441 ,8554 ,5295 ,13849 ,9445 ,5845 ,15290 
2019 ,서울특별시,장루.요루,177 ,105 ,282 ,1607 ,966 ,2573 ,1784 ,1071 ,2855 
2019 ,부산광역시,장루.요루,62 ,45 ,107 ,624 ,342 ,966 ,686 ,387 ,1073 
2019 ,대구광역시,장루.요루,36 ,17 ,53 ,350 ,236 ,586 ,386 ,253 ,639 
2019 ,인천광역시,장루.요루,47 ,37 ,84 ,465 ,297 ,762 ,512 ,334 ,846 
2019 ,광주광역시,장루.요루,20 ,16 ,36 ,206 ,131 ,337 ,226 ,147 ,373 
2019 ,대전광역시,장루.요루,25 ,13 ,38 ,232 ,126 ,358 ,257 ,139 ,396 
2019 ,울산광역시,장루.요루,10 ,10 ,20 ,120 ,78 ,198 ,130 ,88 ,218 
2019 ,세종특별자치시,장루.요루,2 ,2 ,4 ,43 ,25 ,68 ,45 ,27 ,72 
2019 ,제주특별자치도,장루.요루,11 ,7 ,18 ,99 ,76 ,175 ,110 ,83 ,193 
2019 ,소계,뇌전증,994 ,816 ,1810 ,2861 ,2383 ,5244 ,3855 ,3199 ,7054 
2019 ,서울특별시,뇌전증,176 ,160 ,336 ,511 ,397 ,908 ,687 ,557 ,1244 
2019 ,부산광역시,뇌전증,103 ,55 ,158 ,207 ,170 ,377 ,310 ,225 ,535 
2019 ,대구광역시,뇌전증,56 ,59 ,115 ,128 ,93 ,221 ,184 ,152 ,336 
2019 ,인천광역시,뇌전증,52 ,38 ,90 ,165 ,148 ,313 ,217 ,186 ,403 
2019 ,광주광역시,뇌전증,22 ,25 ,47 ,114 ,106 ,220 ,136 ,131 ,267 
2019 ,대전광역시,뇌전증,38 ,37 ,75 ,109 ,75 ,184 ,147 ,112 ,259 
2019 ,울산광역시,뇌전증,11 ,13 ,24 ,43 ,37 ,80 ,54 ,50 ,104 
2019 ,세종특별자치시,뇌전증,3 ,2 ,5 ,10 ,12 ,22 ,13 ,14 ,27 
2019 ,제주특별자치도,뇌전증,15 ,17 ,32 ,43 ,49 ,92 ,58 ,66 ,124 
2020 ,,,415505 ,282195 ,697700 ,661947 ,499986 ,1161933 ,1077452 ,782181 ,1859633 
2020 ,소계,지체,155408 ,81286 ,236694 ,544318 ,426356 ,970674 ,699726 ,507642 ,1207368 
2020 ,서울특별시,지체,21158 ,11839 ,32997 ,76145 ,63464 ,139609 ,97303 ,75303 ,172606 
2020 ,부산광역시,지체,10846 ,5176 ,16022 ,35814 ,26679 ,62493 ,46660 ,31855 ,78515 
2020 ,대구광역시,지체,6652 ,3482 ,10134 ,24432 ,17114 ,41546 ,31084 ,20596 ,51680 
2020 ,인천광역시,지체,9350 ,4365 ,13715 ,32897 ,21924 ,54821 ,42247 ,26289 ,68536 
2020 ,광주광역시,지체,3672 ,2105 ,5777 ,13142 ,11092 ,24234 ,16814 ,13197 ,30011 
2020 ,대전광역시,지체,4273 ,2089 ,6362 ,15054 ,11126 ,26180 ,19327 ,13215 ,32542 
2020 ,울산광역시,지체,2876 ,1397 ,4273 ,11792 ,7451 ,19243 ,14668 ,8848 ,23516 
2020 ,세종특별자치시,지체,787 ,384 ,1171 ,2719 ,1888 ,4607 ,3506 ,2272 ,5778 
2020 ,제주특별자치도,지체,1874 ,1125 ,2999 ,6138 ,5258 ,11396 ,8012 ,6383 ,14395 
2020 ,소계,시각,24184 ,23532 ,47716 ,125553 ,79055 ,204608 ,149737 ,102587 ,252324 
2020 ,서울특별시,시각,4861 ,4128 ,8989 ,20143 ,12492 ,32635 ,25004 ,16620 ,41624 
2020 ,부산광역시,시각,1700 ,1654 ,3354 ,8966 ,5703 ,14669 ,10666 ,7357 ,18023 
2020 ,대구광역시,시각,1138 ,1060 ,2198 ,5959 ,3804 ,9763 ,7097 ,4864 ,11961 
2020 ,인천광역시,시각,1338 ,1249 ,2587 ,6924 ,4216 ,11140 ,8262 ,5465 ,13727 
2020 ,광주광역시,시각,718 ,662 ,1380 ,3558 ,2352 ,5910 ,4276 ,3014 ,7290 
2020 ,대전광역시,시각,741 ,620 ,1361 ,3434 ,2201 ,5635 ,4175 ,2821 ,6996 
2020 ,울산광역시,시각,439 ,477 ,916 ,2430 ,1515 ,3945 ,2869 ,1992 ,4861 
2020 ,세종특별자치시,시각,80 ,77 ,157 ,666 ,372 ,1038 ,746 ,449 ,1195 
2020 ,제주특별자치도,시각,380 ,462 ,842 ,1957 ,1343 ,3300 ,2337 ,1805 ,4142 
2020 ,소계,청각,49340 ,43611 ,92951 ,159264 ,143574 ,302838 ,208604 ,187185 ,395789 
2020 ,서울특별시,청각,7210 ,6090 ,13300 ,24411 ,19719 ,44130 ,31621 ,25809 ,57430 
2020 ,부산광역시,청각,2968 ,2456 ,5424 ,10316 ,8455 ,18771 ,13284 ,10911 ,24195 
2020 ,대구광역시,청각,2286 ,2108 ,4394 ,9901 ,9712 ,19613 ,12187 ,11820 ,24007 
2020 ,인천광역시,청각,2761 ,2408 ,5169 ,9757 ,8311 ,18068 ,12518 ,10719 ,23237 
2020 ,광주광역시,청각,1396 ,1270 ,2666 ,3989 ,3528 ,7517 ,5385 ,4798 ,10183 
2020 ,대전광역시,청각,1136 ,1070 ,2206 ,4224 ,3766 ,7990 ,5360 ,4836 ,10196 
2020 ,울산광역시,청각,1258 ,828 ,2086 ,3177 ,2432 ,5609 ,4435 ,3260 ,7695 
2020 ,세종특별자치시,청각,217 ,216 ,433 ,672 ,626 ,1298 ,889 ,842 ,1731 
2020 ,제주특별자치도,청각,681 ,741 ,1422 ,2336 ,2732 ,5068 ,3017 ,3473 ,6490 
2020 ,소계,언어,8060 ,3240 ,11300 ,7889 ,3202 ,11091 ,15949 ,6442 ,22391 
2020 ,서울특별시,언어,1249 ,468 ,1717 ,1193 ,504 ,1697 ,2442 ,972 ,3414 
2020 ,부산광역시,언어,565 ,234 ,799 ,532 ,211 ,743 ,1097 ,445 ,1542 
2020 ,대구광역시,언어,418 ,159 ,577 ,374 ,156 ,530 ,792 ,315 ,1107 
2020 ,인천광역시,언어,506 ,193 ,699 ,576 ,213 ,789 ,1082 ,406 ,1488 
2020 ,광주광역시,언어,208 ,84 ,292 ,203 ,71 ,274 ,411 ,155 ,566 
2020 ,대전광역시,언어,238 ,102 ,340 ,173 ,79 ,252 ,411 ,181 ,592 
2020 ,울산광역시,언어,152 ,62 ,214 ,144 ,71 ,215 ,296 ,133 ,429 
2020 ,세종특별자치시,언어,29 ,10 ,39 ,56 ,12 ,68 ,85 ,22 ,107 
2020 ,제주특별자치도,언어,144 ,58 ,202 ,143 ,58 ,201 ,287 ,116 ,403 
2020 ,소계,지적,130767 ,86341 ,217108 ,0 ,0 ,0 ,130767 ,86341 ,217108 
2020 ,서울특별시,지적,16596 ,10488 ,27084 ,0 ,0 ,0 ,16596 ,10488 ,27084 
2020 ,부산광역시,지적,7361 ,4757 ,12118 ,0 ,0 ,0 ,7361 ,4757 ,12118 
2020 ,대구광역시,지적,6219 ,4073 ,10292 ,0 ,0 ,0 ,6219 ,4073 ,10292 
2020 ,인천광역시,지적,6565 ,4258 ,10823 ,0 ,0 ,0 ,6565 ,4258 ,10823 
2020 ,광주광역시,지적,4139 ,2961 ,7100 ,0 ,0 ,0 ,4139 ,2961 ,7100 
2020 ,대전광역시,지적,3937 ,2713 ,6650 ,0 ,0 ,0 ,3937 ,2713 ,6650 
2020 ,울산광역시,지적,2687 ,1743 ,4430 ,0 ,0 ,0 ,2687 ,1743 ,4430 
2020 ,세종특별자치시,지적,696 ,420 ,1116 ,0 ,0 ,0 ,696 ,420 ,1116 
2020 ,제주특별자치도,지적,1937 ,1456 ,3393 ,0 ,0 ,0 ,1937 ,1456 ,3393 
2020 ,소계,뇌병변,81735 ,69092 ,150827 ,61968 ,37612 ,99580 ,143703 ,106704 ,250407 
2020 ,서울특별시,뇌병변,13801 ,10895 ,24696 ,10443 ,5766 ,16209 ,24244 ,16661 ,40905 
2020 ,부산광역시,뇌병변,6593 ,5176 ,11769 ,4985 ,2977 ,7962 ,11578 ,8153 ,19731 
2020 ,대구광역시,뇌병변,4128 ,3387 ,7515 ,3341 ,1893 ,5234 ,7469 ,5280 ,12749 
2020 ,인천광역시,뇌병변,4377 ,3602 ,7979 ,3263 ,1948 ,5211 ,7640 ,5550 ,13190 
2020 ,광주광역시,뇌병변,2247 ,1930 ,4177 ,1668 ,1058 ,2726 ,3915 ,2988 ,6903 
2020 ,대전광역시,뇌병변,2368 ,2149 ,4517 ,1696 ,1071 ,2767 ,4064 ,3220 ,7284 
2020 ,울산광역시,뇌병변,1632 ,1360 ,2992 ,1105 ,732 ,1837 ,2737 ,2092 ,4829 
2020 ,세종특별자치시,뇌병변,361 ,315 ,676 ,256 ,155 ,411 ,617 ,470 ,1087 
2020 ,제주특별자치도,뇌병변,1100 ,988 ,2088 ,884 ,595 ,1479 ,1984 ,1583 ,3567 
2020 ,소계,자폐성,25946 ,4856 ,30802 ,0 ,0 ,0 ,25946 ,4856 ,30802 
2020 ,서울특별시,자폐성,5431 ,984 ,6415 ,0 ,0 ,0 ,5431 ,984 ,6415 
2020 ,부산광역시,자폐성,1722 ,353 ,2075 ,0 ,0 ,0 ,1722 ,353 ,2075 
2020 ,대구광역시,자폐성,1049 ,199 ,1248 ,0 ,0 ,0 ,1049 ,199 ,1248 
2020 ,인천광역시,자폐성,1398 ,258 ,1656 ,0 ,0 ,0 ,1398 ,258 ,1656 
2020 ,광주광역시,자폐성,736 ,160 ,896 ,0 ,0 ,0 ,736 ,160 ,896 
2020 ,대전광역시,자폐성,904 ,178 ,1082 ,0 ,0 ,0 ,904 ,178 ,1082 
2020 ,울산광역시,자폐성,560 ,110 ,670 ,0 ,0 ,0 ,560 ,110 ,670 
2020 ,세종특별자치시,자폐성,172 ,36 ,208 ,0 ,0 ,0 ,172 ,36 ,208 
2020 ,제주특별자치도,자폐성,522 ,95 ,617 ,0 ,0 ,0 ,522 ,95 ,617 
2020 ,소계,정신,52738 ,50787 ,103525 ,0 ,0 ,0 ,52738 ,50787 ,103525 
2020 ,서울특별시,정신,8438 ,8087 ,16525 ,0 ,0 ,0 ,8438 ,8087 ,16525 
2020 ,부산광역시,정신,4251 ,3998 ,8249 ,0 ,0 ,0 ,4251 ,3998 ,8249 
2020 ,대구광역시,정신,3101 ,2922 ,6023 ,0 ,0 ,0 ,3101 ,2922 ,6023 
2020 ,인천광역시,정신,2304 ,2528 ,4832 ,0 ,0 ,0 ,2304 ,2528 ,4832 
2020 ,광주광역시,정신,1515 ,1605 ,3120 ,0 ,0 ,0 ,1515 ,1605 ,3120 
2020 ,대전광역시,정신,1600 ,1610 ,3210 ,0 ,0 ,0 ,1600 ,1610 ,3210 
2020 ,울산광역시,정신,708 ,744 ,1452 ,0 ,0 ,0 ,708 ,744 ,1452 
2020 ,세종특별자치시,정신,240 ,215 ,455 ,0 ,0 ,0 ,240 ,215 ,455 
2020 ,제주특별자치도,정신,649 ,646 ,1295 ,0 ,0 ,0 ,649 ,646 ,1295 
2020 ,소계,신장,43328 ,29835 ,73163 ,14256 ,10111 ,24367 ,57584 ,39946 ,97530 
2020 ,서울특별시,신장,8051 ,5377 ,13428 ,2532 ,1935 ,4467 ,10583 ,7312 ,17895 
2020 ,부산광역시,신장,3396 ,2292 ,5688 ,1113 ,876 ,1989 ,4509 ,3168 ,7677 
2020 ,대구광역시,신장,2154 ,1474 ,3628 ,745 ,526 ,1271 ,2899 ,2000 ,4899 
2020 ,인천광역시,신장,2646 ,1901 ,4547 ,767 ,554 ,1321 ,3413 ,2455 ,5868 
2020 ,광주광역시,신장,1081 ,763 ,1844 ,388 ,245 ,633 ,1469 ,1008 ,2477 
2020 ,대전광역시,신장,1270 ,866 ,2136 ,433 ,267 ,700 ,1703 ,1133 ,2836 
2020 ,울산광역시,신장,795 ,610 ,1405 ,371 ,289 ,660 ,1166 ,899 ,2065 
2020 ,세종특별자치시,신장,172 ,118 ,290 ,81 ,43 ,124 ,253 ,161 ,414 
2020 ,제주특별자치도,신장,709 ,411 ,1120 ,213 ,155 ,368 ,922 ,566 ,1488 
2020 ,소계,심장,2632 ,1516 ,4148 ,745 ,340 ,1085 ,3377 ,1856 ,5233 
2020 ,서울특별시,심장,525 ,287 ,812 ,157 ,71 ,228 ,682 ,358 ,1040 
2020 ,부산광역시,심장,277 ,134 ,411 ,35 ,21 ,56 ,312 ,155 ,467 
2020 ,대구광역시,심장,104 ,72 ,176 ,49 ,17 ,66 ,153 ,89 ,242 
2020 ,인천광역시,심장,124 ,78 ,202 ,34 ,22 ,56 ,158 ,100 ,258 
2020 ,광주광역시,심장,81 ,32 ,113 ,19 ,10 ,29 ,100 ,42 ,142 
2020 ,대전광역시,심장,53 ,41 ,94 ,19 ,6 ,25 ,72 ,47 ,119 
2020 ,울산광역시,심장,87 ,62 ,149 ,11 ,8 ,19 ,98 ,70 ,168 
2020 ,세종특별자치시,심장,9 ,4 ,13 ,5 ,3 ,8 ,14 ,7 ,21 
2020 ,제주특별자치도,심장,38 ,19 ,57 ,17 ,2 ,19 ,55 ,21 ,76 
2020 ,소계,호흡기,8331 ,2887 ,11218 ,196 ,130 ,326 ,8527 ,3017 ,11544 
2020 ,서울특별시,호흡기,1522 ,534 ,2056 ,40 ,29 ,69 ,1562 ,563 ,2125 
2020 ,부산광역시,호흡기,709 ,254 ,963 ,17 ,14 ,31 ,726 ,268 ,994 
2020 ,대구광역시,호흡기,317 ,89 ,406 ,12 ,2 ,14 ,329 ,91 ,420 
2020 ,인천광역시,호흡기,436 ,175 ,611 ,11 ,5 ,16 ,447 ,180 ,627 
2020 ,광주광역시,호흡기,206 ,84 ,290 ,4 ,2 ,6 ,210 ,86 ,296 
2020 ,대전광역시,호흡기,211 ,67 ,278 ,6 ,9 ,15 ,217 ,76 ,293 
2020 ,울산광역시,호흡기,188 ,67 ,255 ,8 ,2 ,10 ,196 ,69 ,265 
2020 ,세종특별자치시,호흡기,38 ,14 ,52 ,0 ,1 ,1 ,38 ,15 ,53 
2020 ,제주특별자치도,호흡기,189 ,54 ,243 ,3 ,3 ,6 ,192 ,57 ,249 
2020 ,소계,간,555 ,224 ,779 ,9165 ,3864 ,13029 ,9720 ,4088 ,13808 
2020 ,서울특별시,간,115 ,29 ,144 ,1679 ,774 ,2453 ,1794 ,803 ,2597 
2020 ,부산광역시,간,52 ,21 ,73 ,537 ,228 ,765 ,589 ,249 ,838 
2020 ,대구광역시,간,22 ,11 ,33 ,448 ,197 ,645 ,470 ,208 ,678 
2020 ,인천광역시,간,40 ,10 ,50 ,427 ,214 ,641 ,467 ,224 ,691 
2020 ,광주광역시,간,14 ,4 ,18 ,256 ,102 ,358 ,270 ,106 ,376 
2020 ,대전광역시,간,22 ,4 ,26 ,214 ,104 ,318 ,236 ,108 ,344 
2020 ,울산광역시,간,7 ,3 ,10 ,241 ,96 ,337 ,248 ,99 ,347 
2020 ,세종특별자치시,간,1 ,3 ,4 ,43 ,22 ,65 ,44 ,25 ,69 
2020 ,제주특별자치도,간,8 ,8 ,16 ,131 ,45 ,176 ,139 ,53 ,192 
2020 ,소계,안면,812 ,600 ,1412 ,738 ,527 ,1265 ,1550 ,1127 ,2677 
2020 ,서울특별시,안면,87 ,97 ,184 ,118 ,76 ,194 ,205 ,173 ,378 
2020 ,부산광역시,안면,73 ,42 ,115 ,63 ,52 ,115 ,136 ,94 ,230 
2020 ,대구광역시,안면,43 ,27 ,70 ,35 ,29 ,64 ,78 ,56 ,134 
2020 ,인천광역시,안면,42 ,33 ,75 ,38 ,33 ,71 ,80 ,66 ,146 
2020 ,광주광역시,안면,22 ,14 ,36 ,14 ,13 ,27 ,36 ,27 ,63 
2020 ,대전광역시,안면,34 ,13 ,47 ,16 ,9 ,25 ,50 ,22 ,72 
2020 ,울산광역시,안면,27 ,10 ,37 ,20 ,13 ,33 ,47 ,23 ,70 
2020 ,세종특별자치시,안면,4 ,3 ,7 ,3 ,2 ,5 ,7 ,5 ,12 
2020 ,제주특별자치도,안면,7 ,3 ,10 ,11 ,4 ,15 ,18 ,7 ,25 
2020 ,소계,장루.요루,933 ,559 ,1492 ,8542 ,5393 ,13935 ,9475 ,5952 ,15427 
2020 ,서울특별시,장루.요루,181 ,106 ,287 ,1615 ,999 ,2614 ,1796 ,1105 ,2901 
2020 ,부산광역시,장루.요루,60 ,51 ,111 ,617 ,363 ,980 ,677 ,414 ,1091 
2020 ,대구광역시,장루.요루,40 ,17 ,57 ,326 ,236 ,562 ,366 ,253 ,619 
2020 ,인천광역시,장루.요루,50 ,35 ,85 ,464 ,291 ,755 ,514 ,326 ,840 
2020 ,광주광역시,장루.요루,22 ,13 ,35 ,200 ,131 ,331 ,222 ,144 ,366 
2020 ,대전광역시,장루.요루,26 ,14 ,40 ,225 ,121 ,346 ,251 ,135 ,386 
2020 ,울산광역시,장루.요루,12 ,12 ,24 ,122 ,73 ,195 ,134 ,85 ,219 
2020 ,세종특별자치시,장루.요루,2 ,2 ,4 ,40 ,25 ,65 ,42 ,27 ,69 
2020 ,제주특별자치도,장루.요루,13 ,8 ,21 ,104 ,75 ,179 ,117 ,83 ,200 
2020 ,소계,뇌전증,1000 ,830 ,1830 ,2857 ,2406 ,5263 ,3857 ,3236 ,7093 
2020 ,서울특별시,뇌전증,177 ,159 ,336 ,508 ,407 ,915 ,685 ,566 ,1251 
2020 ,부산광역시,뇌전증,104 ,57 ,161 ,208 ,179 ,387 ,312 ,236 ,548 
2020 ,대구광역시,뇌전증,54 ,61 ,115 ,128 ,96 ,224 ,182 ,157 ,339 
2020 ,인천광역시,뇌전증,54 ,44 ,98 ,156 ,148 ,304 ,210 ,192 ,402 
2020 ,광주광역시,뇌전증,26 ,25 ,51 ,114 ,107 ,221 ,140 ,132 ,272 
2020 ,대전광역시,뇌전증,32 ,37 ,69 ,108 ,74 ,182 ,140 ,111 ,251 
2020 ,울산광역시,뇌전증,14 ,13 ,27 ,42 ,37 ,79 ,56 ,50 ,106 
2020 ,세종특별자치시,뇌전증,3 ,2 ,5 ,12 ,14 ,26 ,15 ,16 ,31 
2020 ,제주특별자치도,뇌전증,14 ,17 ,31 ,42 ,50 ,92 ,56 ,67 ,123 
2021 ,,,415423 ,281681 ,697104 ,665885 ,503185 ,1169070 ,1081308 ,784866 ,1866173 
2021 ,소계,지체,152432 ,79930 ,232362 ,538704 ,420396 ,959100 ,691136 ,500326 ,1191462 
2021 ,서울특별시,지체,20524 ,11568 ,32092 ,74197 ,61697 ,135894 ,94721 ,73265 ,167986 
2021 ,부산광역시,지체,10621 ,5079 ,15700 ,35121 ,26195 ,61316 ,45742 ,31274 ,77016 
2021 ,대구광역시,지체,6506 ,3378 ,9884 ,23957 ,16770 ,40727 ,30463 ,20148 ,50611 
2021 ,인천광역시,지체,9236 ,4347 ,13583 ,32620 ,21739 ,54359 ,41856 ,26086 ,67942 
2021 ,광주광역시,지체,3578 ,2057 ,5635 ,12920 ,10905 ,23825 ,16498 ,12962 ,29460 
2021 ,대전광역시,지체,4165 ,2048 ,6213 ,14824 ,10955 ,25779 ,18989 ,13003 ,31992 
2021 ,울산광역시,지체,2826 ,1376 ,4202 ,11660 ,7345 ,19005 ,14486 ,8721 ,23207 
2021 ,세종특별자치시,지체,786 ,383 ,1169 ,2763 ,1911 ,4674 ,3549 ,2294 ,5843 
2021 ,제주특별자치도,지체,1849 ,1096 ,2945 ,6072 ,5189 ,11261 ,7921 ,6285 ,14206 
2021 ,소계,시각,23883 ,23139 ,47022 ,125438 ,79160 ,204598 ,149321 ,102299 ,251620 
2021 ,서울특별시,시각,4838 ,4058 ,8896 ,19902 ,12422 ,32324 ,24740 ,16480 ,41220 
2021 ,부산광역시,시각,1678 ,1614 ,3292 ,8867 ,5715 ,14582 ,10545 ,7329 ,17874 
2021 ,대구광역시,시각,1119 ,1067 ,2186 ,5925 ,3763 ,9688 ,7044 ,4830 ,11874 
2021 ,인천광역시,시각,1320 ,1228 ,2548 ,6934 ,4269 ,11203 ,8254 ,5497 ,13751 
2021 ,광주광역시,시각,708 ,651 ,1359 ,3520 ,2325 ,5845 ,4228 ,2976 ,7204 
2021 ,대전광역시,시각,734 ,604 ,1338 ,3415 ,2189 ,5604 ,4149 ,2793 ,6942 
2021 ,울산광역시,시각,446 ,454 ,900 ,2429 ,1505 ,3934 ,2875 ,1959 ,4834 
2021 ,세종특별자치시,시각,87 ,77 ,164 ,679 ,374 ,1053 ,766 ,451 ,1217 
2021 ,제주특별자치도,시각,375 ,444 ,819 ,1947 ,1352 ,3299 ,2322 ,1796 ,4118 
2021 ,소계,청각,47961 ,42795 ,90756 ,168544 ,152449 ,320993 ,216505 ,195244 ,411749 
2021 ,서울특별시,청각,7030 ,5947 ,12977 ,25888 ,20849 ,46737 ,32918 ,26796 ,59714 
2021 ,부산광역시,청각,2869 ,2411 ,5280 ,10990 ,9101 ,20091 ,13859 ,11512 ,25371 
2021 ,대구광역시,청각,2215 ,2074 ,4289 ,10819 ,10589 ,21408 ,13034 ,12663 ,25697 
2021 ,인천광역시,청각,2691 ,2378 ,5069 ,10759 ,9300 ,20059 ,13450 ,11678 ,25128 
2021 ,광주광역시,청각,1349 ,1209 ,2558 ,4067 ,3595 ,7662 ,5416 ,4804 ,10220 
2021 ,대전광역시,청각,1089 ,1042 ,2131 ,4248 ,3763 ,8011 ,5337 ,4805 ,10142 
2021 ,울산광역시,청각,1228 ,805 ,2033 ,3330 ,2551 ,5881 ,4558 ,3356 ,7914 
2021 ,세종특별자치시,청각,210 ,221 ,431 ,685 ,664 ,1349 ,895 ,885 ,1780 
2021 ,제주특별자치도,청각,662 ,714 ,1376 ,2447 ,2894 ,5341 ,3109 ,3608 ,6717 
2021 ,소계,언어,8092 ,3372 ,11464 ,8282 ,3318 ,11600 ,16374 ,6690 ,23064 
2021 ,서울특별시,언어,1228 ,490 ,1718 ,1206 ,492 ,1698 ,2434 ,982 ,3416 
2021 ,부산광역시,언어,565 ,246 ,811 ,547 ,217 ,764 ,1112 ,463 ,1575 
2021 ,대구광역시,언어,422 ,150 ,572 ,404 ,172 ,576 ,826 ,322 ,1148 
2021 ,인천광역시,언어,503 ,205 ,708 ,610 ,225 ,835 ,1113 ,430 ,1543 
2021 ,광주광역시,언어,209 ,92 ,301 ,199 ,71 ,270 ,408 ,163 ,571 
2021 ,대전광역시,언어,245 ,101 ,346 ,176 ,81 ,257 ,421 ,182 ,603 
2021 ,울산광역시,언어,165 ,67 ,232 ,145 ,76 ,221 ,310 ,143 ,453 
2021 ,세종특별자치시,언어,35 ,10 ,45 ,57 ,11 ,68 ,92 ,21 ,113 
2021 ,제주특별자치도,언어,145 ,59 ,204 ,147 ,55 ,202 ,292 ,114 ,406 
2021 ,소계,지적,133375 ,88182 ,221557 ,0 ,0 ,0 ,133375 ,88182 ,221557 
2021 ,서울특별시,지적,16724 ,10606 ,27330 ,0 ,0 ,0 ,16724 ,10606 ,27330 
2021 ,부산광역시,지적,7507 ,4877 ,12384 ,0 ,0 ,0 ,7507 ,4877 ,12384 
2021 ,대구광역시,지적,6352 ,4152 ,10504 ,0 ,0 ,0 ,6352 ,4152 ,10504 
2021 ,인천광역시,지적,6698 ,4367 ,11065 ,0 ,0 ,0 ,6698 ,4367 ,11065 
2021 ,광주광역시,지적,4264 ,3038 ,7302 ,0 ,0 ,0 ,4264 ,3038 ,7302 
2021 ,대전광역시,지적,4071 ,2774 ,6845 ,0 ,0 ,0 ,4071 ,2774 ,6845 
2021 ,울산광역시,지적,2736 ,1806 ,4542 ,0 ,0 ,0 ,2736 ,1806 ,4542 
2021 ,세종특별자치시,지적,731 ,417 ,1148 ,0 ,0 ,0 ,731 ,417 ,1148 
2021 ,제주특별자치도,지적,2007 ,1501 ,3508 ,0 ,0 ,0 ,2007 ,1501 ,3508 
2021 ,소계,뇌병변,79360 ,67075 ,146435 ,63240 ,38633 ,101873 ,142600 ,105708 ,248308 
2021 ,서울특별시,뇌병변,13316 ,10531 ,23847 ,10526 ,5926 ,16452 ,23842 ,16457 ,40299 
2021 ,부산광역시,뇌병변,6427 ,4977 ,11404 ,5032 ,3054 ,8086 ,11459 ,8031 ,19490 
2021 ,대구광역시,뇌병변,4013 ,3291 ,7304 ,3380 ,1888 ,5268 ,7393 ,5179 ,12572 
2021 ,인천광역시,뇌병변,4280 ,3577 ,7857 ,3392 ,2003 ,5395 ,7672 ,5580 ,13252 
2021 ,광주광역시,뇌병변,2166 ,1872 ,4038 ,1711 ,1050 ,2761 ,3877 ,2922 ,6799 
2021 ,대전광역시,뇌병변,2284 ,2039 ,4323 ,1757 ,1113 ,2870 ,4041 ,3152 ,7193 
2021 ,울산광역시,뇌병변,1582 ,1350 ,2932 ,1158 ,739 ,1897 ,2740 ,2089 ,4829 
2021 ,세종특별자치시,뇌병변,353 ,332 ,685 ,268 ,176 ,444 ,621 ,508 ,1129 
2021 ,제주특별자치도,뇌병변,1062 ,943 ,2005 ,890 ,608 ,1498 ,1952 ,1551 ,3503 
2021 ,소계,자폐성,28218 ,5432 ,33650 ,0 ,0 ,0 ,28218 ,5432 ,33650 
2021 ,서울특별시,자폐성,5788 ,1067 ,6855 ,0 ,0 ,0 ,5788 ,1067 ,6855 
2021 ,부산광역시,자폐성,1859 ,395 ,2254 ,0 ,0 ,0 ,1859 ,395 ,2254 
2021 ,대구광역시,자폐성,1147 ,219 ,1366 ,0 ,0 ,0 ,1147 ,219 ,1366 
2021 ,인천광역시,자폐성,1502 ,304 ,1806 ,0 ,0 ,0 ,1502 ,304 ,1806 
2021 ,광주광역시,자폐성,806 ,174 ,980 ,0 ,0 ,0 ,806 ,174 ,980 
2021 ,대전광역시,자폐성,950 ,180 ,1130 ,0 ,0 ,0 ,950 ,180 ,1130 
2021 ,울산광역시,자폐성,610 ,119 ,729 ,0 ,0 ,0 ,610 ,119 ,729 
2021 ,세종특별자치시,자폐성,192 ,38 ,230 ,0 ,0 ,0 ,192 ,38 ,230 
2021 ,제주특별자치도,자폐성,578 ,108 ,686 ,0 ,0 ,0 ,578 ,108 ,686 
2021 ,소계,정신,52804 ,51177 ,103981 ,154 ,79 ,233 ,52958 ,51256 ,104214 
2021 ,서울특별시,정신,8440 ,8121 ,16561 ,30 ,9 ,39 ,8470 ,8130 ,16600 
2021 ,부산광역시,정신,4238 ,3994 ,8232 ,5 ,5 ,10 ,4243 ,3999 ,8242 
2021 ,대구광역시,정신,3076 ,2906 ,5982 ,8 ,5 ,13 ,3084 ,2911 ,5995 
2021 ,인천광역시,정신,2315 ,2538 ,4853 ,8 ,4 ,12 ,2323 ,2542 ,4865 
2021 ,광주광역시,정신,1522 ,1636 ,3158 ,8 ,4 ,12 ,1530 ,1640 ,3170 
2021 ,대전광역시,정신,1597 ,1616 ,3213 ,5 ,3 ,8 ,1602 ,1619 ,3221 
2021 ,울산광역시,정신,712 ,757 ,1469 ,3 ,0 ,3 ,715 ,757 ,1472 
2021 ,세종특별자치시,정신,240 ,214 ,454 ,0 ,0 ,0 ,240 ,214 ,454 
2021 ,제주특별자치도,정신,658 ,648 ,1306 ,3 ,0 ,3 ,661 ,648 ,1309 
2021 ,소계,신장,45754 ,31111 ,76865 ,14773 ,10497 ,25270 ,60527 ,41608 ,102135 
2021 ,서울특별시,신장,8302 ,5483 ,13785 ,2569 ,1947 ,4516 ,10871 ,7430 ,18301 
2021 ,부산광역시,신장,3598 ,2417 ,6015 ,1112 ,884 ,1996 ,4710 ,3301 ,8011 
2021 ,대구광역시,신장,2255 ,1488 ,3743 ,757 ,552 ,1309 ,3012 ,2040 ,5052 
2021 ,인천광역시,신장,2834 ,2006 ,4840 ,804 ,595 ,1399 ,3638 ,2601 ,6239 
2021 ,광주광역시,신장,1138 ,786 ,1924 ,397 ,250 ,647 ,1535 ,1036 ,2571 
2021 ,대전광역시,신장,1314 ,904 ,2218 ,439 ,274 ,713 ,1753 ,1178 ,2931 
2021 ,울산광역시,신장,837 ,631 ,1468 ,392 ,296 ,688 ,1229 ,927 ,2156 
2021 ,세종특별자치시,신장,186 ,135 ,321 ,84 ,44 ,128 ,270 ,179 ,449 
2021 ,제주특별자치도,신장,746 ,433 ,1179 ,222 ,159 ,381 ,968 ,592 ,1560 
2021 ,소계,심장,2568 ,1471 ,4039 ,772 ,355 ,1127 ,3340 ,1826 ,5166 
2021 ,서울특별시,심장,498 ,284 ,782 ,156 ,70 ,226 ,654 ,354 ,1008 
2021 ,부산광역시,심장,263 ,130 ,393 ,38 ,24 ,62 ,301 ,154 ,455 
2021 ,대구광역시,심장,102 ,68 ,170 ,52 ,17 ,69 ,154 ,85 ,239 
2021 ,인천광역시,심장,125 ,78 ,203 ,36 ,23 ,59 ,161 ,101 ,262 
2021 ,광주광역시,심장,81 ,30 ,111 ,19 ,10 ,29 ,100 ,40 ,140 
2021 ,대전광역시,심장,46 ,39 ,85 ,21 ,5 ,26 ,67 ,44 ,111 
2021 ,울산광역시,심장,91 ,61 ,152 ,14 ,8 ,22 ,105 ,69 ,174 
2021 ,세종특별자치시,심장,11 ,4 ,15 ,5 ,3 ,8 ,16 ,7 ,23 
2021 ,제주특별자치도,심장,39 ,18 ,57 ,16 ,2 ,18 ,55 ,20 ,75 
2021 ,소계,호흡기,8259 ,2878 ,11137 ,244 ,160 ,404 ,8503 ,3038 ,11541 
2021 ,서울특별시,호흡기,1528 ,528 ,2056 ,50 ,37 ,87 ,1578 ,565 ,2143 
2021 ,부산광역시,호흡기,700 ,251 ,951 ,20 ,18 ,38 ,720 ,269 ,989 
2021 ,대구광역시,호흡기,310 ,91 ,401 ,10 ,2 ,12 ,320 ,93 ,413 
2021 ,인천광역시,호흡기,436 ,178 ,614 ,13 ,5 ,18 ,449 ,183 ,632 
2021 ,광주광역시,호흡기,203 ,82 ,285 ,4 ,4 ,8 ,207 ,86 ,293 
2021 ,대전광역시,호흡기,209 ,61 ,270 ,6 ,8 ,14 ,215 ,69 ,284 
2021 ,울산광역시,호흡기,177 ,68 ,245 ,7 ,3 ,10 ,184 ,71 ,255 
2021 ,세종특별자치시,호흡기,37 ,14 ,51 ,4 ,1 ,5 ,41 ,15 ,56 
2021 ,제주특별자치도,호흡기,178 ,58 ,236 ,2 ,3 ,5 ,180 ,61 ,241 
2021 ,소계,간,539 ,208 ,747 ,9580 ,4106 ,13686 ,10119 ,4314 ,14433 
2021 ,서울특별시,간,114 ,29 ,143 ,1721 ,799 ,2520 ,1835 ,828 ,2663 
2021 ,부산광역시,간,44 ,22 ,66 ,570 ,240 ,810 ,614 ,262 ,876 
2021 ,대구광역시,간,26 ,9 ,35 ,464 ,208 ,672 ,490 ,217 ,707 
2021 ,인천광역시,간,38 ,9 ,47 ,454 ,227 ,681 ,492 ,236 ,728 
2021 ,광주광역시,간,12 ,3 ,15 ,263 ,108 ,371 ,275 ,111 ,386 
2021 ,대전광역시,간,20 ,6 ,26 ,220 ,112 ,332 ,240 ,118 ,358 
2021 ,울산광역시,간,6 ,2 ,8 ,248 ,100 ,348 ,254 ,102 ,356 
2021 ,세종특별자치시,간,1 ,2 ,3 ,45 ,21 ,66 ,46 ,23 ,69 
2021 ,제주특별자치도,간,9 ,7 ,16 ,137 ,48 ,185 ,146 ,55 ,201 
2021 ,소계,안면,803 ,595 ,1398 ,779 ,535 ,1314 ,1582 ,1130 ,2712 
2021 ,서울특별시,안면,85 ,93 ,178 ,125 ,78 ,203 ,210 ,171 ,381 
2021 ,부산광역시,안면,74 ,38 ,112 ,65 ,51 ,116 ,139 ,89 ,228 
2021 ,대구광역시,안면,44 ,27 ,71 ,41 ,31 ,72 ,85 ,58 ,143 
2021 ,인천광역시,안면,40 ,32 ,72 ,41 ,31 ,72 ,81 ,63 ,144 
2021 ,광주광역시,안면,22 ,14 ,36 ,15 ,12 ,27 ,37 ,26 ,63 
2021 ,대전광역시,안면,35 ,13 ,48 ,18 ,9 ,27 ,53 ,22 ,75 
2021 ,울산광역시,안면,26 ,10 ,36 ,21 ,14 ,35 ,47 ,24 ,71 
2021 ,세종특별자치시,안면,5 ,3 ,8 ,3 ,2 ,5 ,8 ,5 ,13 
2021 ,제주특별자치도,안면,7 ,4 ,11 ,11 ,6 ,17 ,18 ,10 ,28 
2021 ,소계,장루.요루,969 ,583 ,1552 ,8887 ,5573 ,14460 ,9856 ,6156 ,16012 
2021 ,서울특별시,장루.요루,188 ,114 ,302 ,1642 ,1015 ,2657 ,1830 ,1129 ,2959 
2021 ,부산광역시,장루.요루,68 ,51 ,119 ,630 ,385 ,1015 ,698 ,436 ,1134 
2021 ,대구광역시,장루.요루,41 ,17 ,58 ,323 ,244 ,567 ,364 ,261 ,625 
2021 ,인천광역시,장루.요루,52 ,32 ,84 ,494 ,303 ,797 ,546 ,335 ,881 
2021 ,광주광역시,장루.요루,21 ,13 ,34 ,207 ,145 ,352 ,228 ,158 ,386 
2021 ,대전광역시,장루.요루,32 ,15 ,47 ,235 ,125 ,360 ,267 ,140 ,407 
2021 ,울산광역시,장루.요루,13 ,14 ,27 ,125 ,73 ,198 ,138 ,87 ,225 
2021 ,세종특별자치시,장루.요루,1 ,3 ,4 ,48 ,28 ,76 ,49 ,31 ,80 
2021 ,제주특별자치도,장루.요루,14 ,7 ,21 ,101 ,73 ,174 ,115 ,80 ,195 
2021 ,소계,뇌전증,1002 ,846 ,1848 ,2864 ,2365 ,5229 ,3866 ,3211 ,7077 
2021 ,서울특별시,뇌전증,175 ,164 ,339 ,512 ,397 ,909 ,687 ,561 ,1248 
2021 ,부산광역시,뇌전증,105 ,60 ,165 ,211 ,176 ,387 ,316 ,236 ,552 
2021 ,대구광역시,뇌전증,52 ,59 ,111 ,135 ,90 ,225 ,187 ,149 ,336 
2021 ,인천광역시,뇌전증,55 ,41 ,96 ,157 ,155 ,312 ,212 ,196 ,408 
2021 ,광주광역시,뇌전증,30 ,28 ,58 ,110 ,106 ,216 ,140 ,134 ,274 
2021 ,대전광역시,뇌전증,33 ,37 ,70 ,110 ,75 ,185 ,143 ,112 ,255 
2021 ,울산광역시,뇌전증,18 ,12 ,30 ,43 ,40 ,83 ,61 ,52 ,113 
2021 ,세종특별자치시,뇌전증,3 ,1 ,4 ,12 ,10 ,22 ,15 ,11 ,26 
2021 ,제주특별자치도,뇌전증,14 ,17 ,31 ,43 ,49 ,92 ,57 ,66 ,123 
